[100, 100, 101]	1
[100, 101, 101]	1
[102, 102, 103]	1
[102, 102, 104]	1
[102, 102, 105]	1
[102, 102, 106]	1
[102, 102, 107]	1
[102, 103, 103]	1
[102, 103, 104]	1
[102, 103, 105]	1
[102, 103, 106]	1
[102, 103, 107]	1
[102, 103, 108]	1
[102, 104, 104]	1
[102, 104, 105]	1
[102, 104, 106]	1
[102, 104, 107]	1
[102, 104, 108]	1
[102, 105, 105]	1
[102, 105, 106]	1
[102, 105, 107]	1
[102, 105, 108]	1
[102, 106, 106]	1
[102, 106, 107]	1
[102, 106, 108]	1
[102, 107, 107]	1
[102, 107, 108]	1
[103, 103, 104]	1
[103, 103, 105]	1
[103, 103, 106]	1
[103, 103, 107]	1
[103, 104, 104]	1
[103, 104, 105]	1
[103, 104, 106]	1
[103, 104, 107]	1
[103, 104, 108]	1
[103, 105, 105]	1
[103, 105, 106]	1
[103, 105, 107]	1
[103, 105, 108]	1
[103, 106, 106]	1
[103, 106, 107]	1
[103, 106, 108]	1
[103, 107, 107]	1
[103, 107, 108]	1
[104, 104, 105]	1
[104, 104, 106]	1
[104, 104, 107]	1
[104, 105, 105]	1
[104, 105, 106]	1
[104, 105, 107]	1
[104, 105, 108]	1
[104, 106, 106]	1
[104, 106, 107]	1
[104, 106, 108]	1
[104, 107, 107]	1
[104, 107, 108]	1
[105, 105, 106]	1
[105, 105, 107]	1
[105, 106, 106]	1
[105, 106, 107]	1
[105, 106, 108]	1
[105, 107, 107]	1
[105, 107, 108]	1
[106, 106, 107]	1
[106, 107, 107]	1
[106, 107, 108]	1
[111, 111, 112]	1
[111, 111, 113]	1
[111, 111, 114]	1
[111, 111, 115]	1
[111, 111, 117]	1
[111, 111, 118]	1
[111, 112, 112]	1
[111, 112, 113]	1
[111, 112, 114]	1
[111, 112, 115]	1
[111, 112, 116]	1
[111, 112, 117]	1
[111, 112, 118]	1
[111, 113, 113]	1
[111, 113, 114]	1
[111, 113, 115]	1
[111, 113, 116]	1
[111, 113, 117]	1
[111, 113, 118]	1
[111, 114, 114]	1
[111, 114, 115]	1
[111, 114, 116]	1
[111, 114, 117]	1
[111, 114, 118]	1
[111, 115, 115]	1
[111, 115, 116]	1
[111, 115, 117]	1
[111, 115, 118]	1
[111, 116, 117]	1
[111, 116, 118]	1
[111, 117, 118]	1
[111, 118, 118]	1
[112, 112, 113]	1
[112, 112, 114]	1
[112, 112, 115]	1
[112, 112, 117]	1
[112, 112, 118]	1
[112, 113, 113]	1
[112, 113, 114]	1
[112, 113, 115]	1
[112, 113, 116]	1
[112, 113, 117]	1
[112, 113, 118]	1
[112, 114, 114]	1
[112, 114, 115]	1
[112, 114, 116]	1
[112, 114, 117]	1
[112, 114, 118]	1
[112, 115, 115]	1
[112, 115, 116]	1
[112, 115, 117]	1
[112, 115, 118]	1
[112, 116, 117]	1
[112, 116, 118]	1
[112, 117, 118]	1
[112, 118, 118]	1
[113, 113, 114]	1
[113, 113, 115]	1
[113, 113, 117]	1
[113, 113, 118]	1
[113, 114, 114]	1
[113, 114, 115]	1
[113, 114, 116]	1
[113, 114, 117]	1
[113, 114, 118]	1
[113, 115, 115]	1
[113, 115, 116]	1
[113, 115, 117]	1
[113, 115, 118]	1
[113, 116, 117]	1
[113, 116, 118]	1
[113, 117, 118]	1
[113, 118, 118]	1
[114, 114, 115]	1
[114, 114, 117]	1
[114, 114, 118]	1
[114, 115, 115]	1
[114, 115, 116]	1
[114, 115, 117]	1
[114, 115, 118]	1
[114, 116, 117]	1
[114, 116, 118]	1
[114, 117, 118]	1
[114, 118, 118]	1
[115, 115, 117]	1
[115, 115, 118]	1
[115, 116, 117]	1
[115, 116, 118]	1
[115, 117, 118]	1
[115, 118, 118]	1
[116, 117, 118]	1
[117, 118, 118]	1
[119, 119, 120]	1
[119, 119, 121]	1
[119, 119, 122]	1
[119, 119, 123]	1
[119, 119, 124]	1
[119, 119, 126]	1
[119, 119, 127]	1
[119, 119, 128]	1
[119, 119, 129]	1
[119, 119, 130]	1
[119, 119, 131]	1
[119, 119, 132]	1
[119, 119, 133]	1
[119, 120, 120]	1
[119, 120, 121]	1
[119, 120, 122]	1
[119, 120, 123]	1
[119, 120, 124]	1
[119, 120, 125]	1
[119, 120, 126]	1
[119, 120, 127]	1
[119, 120, 128]	1
[119, 120, 129]	1
[119, 120, 130]	1
[119, 120, 131]	1
[119, 120, 132]	1
[119, 120, 133]	1
[119, 121, 121]	1
[119, 121, 122]	1
[119, 121, 123]	1
[119, 121, 124]	1
[119, 121, 125]	1
[119, 121, 126]	1
[119, 121, 127]	1
[119, 121, 128]	1
[119, 121, 129]	1
[119, 121, 130]	1
[119, 121, 131]	1
[119, 121, 132]	1
[119, 121, 133]	1
[119, 122, 122]	1
[119, 122, 123]	1
[119, 122, 124]	1
[119, 122, 125]	1
[119, 122, 126]	1
[119, 122, 127]	1
[119, 122, 128]	1
[119, 122, 129]	1
[119, 122, 130]	1
[119, 122, 131]	1
[119, 122, 132]	1
[119, 122, 133]	1
[119, 123, 123]	1
[119, 123, 124]	1
[119, 123, 125]	1
[119, 123, 126]	1
[119, 123, 127]	1
[119, 123, 128]	1
[119, 123, 129]	1
[119, 123, 130]	1
[119, 123, 131]	1
[119, 123, 132]	1
[119, 123, 133]	1
[119, 124, 124]	1
[119, 124, 125]	1
[119, 124, 126]	1
[119, 124, 127]	1
[119, 124, 128]	1
[119, 124, 129]	1
[119, 124, 130]	1
[119, 124, 131]	1
[119, 124, 132]	1
[119, 124, 133]	1
[119, 125, 126]	1
[119, 125, 127]	1
[119, 125, 128]	1
[119, 125, 129]	1
[119, 125, 130]	1
[119, 125, 131]	1
[119, 125, 132]	1
[119, 125, 133]	1
[119, 126, 127]	1
[119, 126, 128]	1
[119, 126, 129]	1
[119, 126, 130]	1
[119, 126, 131]	1
[119, 126, 132]	1
[119, 126, 133]	1
[119, 127, 127]	1
[119, 127, 128]	1
[119, 127, 129]	1
[119, 127, 130]	1
[119, 127, 131]	1
[119, 127, 132]	1
[119, 127, 133]	1
[119, 128, 128]	1
[119, 128, 129]	1
[119, 128, 130]	1
[119, 128, 131]	1
[119, 128, 132]	1
[119, 128, 133]	1
[119, 129, 129]	1
[119, 129, 130]	1
[119, 129, 131]	1
[119, 129, 132]	1
[119, 129, 133]	1
[119, 130, 130]	1
[119, 130, 131]	1
[119, 130, 132]	1
[119, 130, 133]	1
[119, 131, 131]	1
[119, 131, 132]	1
[119, 131, 133]	1
[119, 132, 132]	1
[119, 132, 133]	1
[119, 133, 133]	1
[120, 120, 121]	1
[120, 120, 122]	1
[120, 120, 123]	1
[120, 120, 124]	1
[120, 120, 126]	1
[120, 120, 127]	1
[120, 120, 128]	1
[120, 120, 129]	1
[120, 120, 130]	1
[120, 120, 131]	1
[120, 120, 132]	1
[120, 120, 133]	1
[120, 121, 121]	1
[120, 121, 122]	1
[120, 121, 123]	1
[120, 121, 124]	1
[120, 121, 125]	1
[120, 121, 126]	1
[120, 121, 127]	1
[120, 121, 128]	1
[120, 121, 129]	1
[120, 121, 130]	1
[120, 121, 131]	1
[120, 121, 132]	1
[120, 121, 133]	1
[120, 122, 122]	1
[120, 122, 123]	1
[120, 122, 124]	1
[120, 122, 125]	1
[120, 122, 126]	1
[120, 122, 127]	1
[120, 122, 128]	1
[120, 122, 129]	1
[120, 122, 130]	1
[120, 122, 131]	1
[120, 122, 132]	1
[120, 122, 133]	1
[120, 123, 123]	1
[120, 123, 124]	1
[120, 123, 125]	1
[120, 123, 126]	1
[120, 123, 127]	1
[120, 123, 128]	1
[120, 123, 129]	1
[120, 123, 130]	1
[120, 123, 131]	1
[120, 123, 132]	1
[120, 123, 133]	1
[120, 124, 124]	1
[120, 124, 125]	1
[120, 124, 126]	1
[120, 124, 127]	1
[120, 124, 128]	1
[120, 124, 129]	1
[120, 124, 130]	1
[120, 124, 131]	1
[120, 124, 132]	1
[120, 124, 133]	1
[120, 125, 126]	1
[120, 125, 127]	1
[120, 125, 128]	1
[120, 125, 129]	1
[120, 125, 130]	1
[120, 125, 131]	1
[120, 125, 132]	1
[120, 125, 133]	1
[120, 126, 127]	1
[120, 126, 128]	1
[120, 126, 129]	1
[120, 126, 130]	1
[120, 126, 131]	1
[120, 126, 132]	1
[120, 126, 133]	1
[120, 127, 127]	1
[120, 127, 128]	1
[120, 127, 129]	1
[120, 127, 130]	1
[120, 127, 131]	1
[120, 127, 132]	1
[120, 127, 133]	1
[120, 128, 128]	1
[120, 128, 129]	1
[120, 128, 130]	1
[120, 128, 131]	1
[120, 128, 132]	1
[120, 128, 133]	1
[120, 129, 129]	1
[120, 129, 130]	1
[120, 129, 131]	1
[120, 129, 132]	1
[120, 129, 133]	1
[120, 130, 130]	1
[120, 130, 131]	1
[120, 130, 132]	1
[120, 130, 133]	1
[120, 131, 131]	1
[120, 131, 132]	1
[120, 131, 133]	1
[120, 132, 132]	1
[120, 132, 133]	1
[120, 133, 133]	1
[121, 121, 122]	1
[121, 121, 123]	1
[121, 121, 124]	1
[121, 121, 126]	1
[121, 121, 127]	1
[121, 121, 128]	1
[121, 121, 129]	1
[121, 121, 130]	1
[121, 121, 131]	1
[121, 121, 132]	1
[121, 121, 133]	1
[121, 122, 122]	1
[121, 122, 123]	1
[121, 122, 124]	1
[121, 122, 125]	1
[121, 122, 126]	1
[121, 122, 127]	1
[121, 122, 128]	1
[121, 122, 129]	1
[121, 122, 130]	1
[121, 122, 131]	1
[121, 122, 132]	1
[121, 122, 133]	1
[121, 123, 123]	1
[121, 123, 124]	1
[121, 123, 125]	1
[121, 123, 126]	1
[121, 123, 127]	1
[121, 123, 128]	1
[121, 123, 129]	1
[121, 123, 130]	1
[121, 123, 131]	1
[121, 123, 132]	1
[121, 123, 133]	1
[121, 124, 124]	1
[121, 124, 125]	1
[121, 124, 126]	1
[121, 124, 127]	1
[121, 124, 128]	1
[121, 124, 129]	1
[121, 124, 130]	1
[121, 124, 131]	1
[121, 124, 132]	1
[121, 124, 133]	1
[121, 125, 126]	1
[121, 125, 127]	1
[121, 125, 128]	1
[121, 125, 129]	1
[121, 125, 130]	1
[121, 125, 131]	1
[121, 125, 132]	1
[121, 125, 133]	1
[121, 126, 127]	1
[121, 126, 128]	1
[121, 126, 129]	1
[121, 126, 130]	1
[121, 126, 131]	1
[121, 126, 132]	1
[121, 126, 133]	1
[121, 127, 127]	1
[121, 127, 128]	1
[121, 127, 129]	1
[121, 127, 130]	1
[121, 127, 131]	1
[121, 127, 132]	1
[121, 127, 133]	1
[121, 128, 128]	1
[121, 128, 129]	1
[121, 128, 130]	1
[121, 128, 131]	1
[121, 128, 132]	1
[121, 128, 133]	1
[121, 129, 129]	1
[121, 129, 130]	1
[121, 129, 131]	1
[121, 129, 132]	1
[121, 129, 133]	1
[121, 130, 130]	1
[121, 130, 131]	1
[121, 130, 132]	1
[121, 130, 133]	1
[121, 131, 131]	1
[121, 131, 132]	1
[121, 131, 133]	1
[121, 132, 132]	1
[121, 132, 133]	1
[121, 133, 133]	1
[122, 122, 123]	1
[122, 122, 124]	1
[122, 122, 126]	1
[122, 122, 127]	1
[122, 122, 128]	1
[122, 122, 129]	1
[122, 122, 130]	1
[122, 122, 131]	1
[122, 122, 132]	1
[122, 122, 133]	1
[122, 123, 123]	1
[122, 123, 124]	1
[122, 123, 125]	1
[122, 123, 126]	1
[122, 123, 127]	1
[122, 123, 128]	1
[122, 123, 129]	1
[122, 123, 130]	1
[122, 123, 131]	1
[122, 123, 132]	1
[122, 123, 133]	1
[122, 124, 124]	1
[122, 124, 125]	1
[122, 124, 126]	1
[122, 124, 127]	1
[122, 124, 128]	1
[122, 124, 129]	1
[122, 124, 130]	1
[122, 124, 131]	1
[122, 124, 132]	1
[122, 124, 133]	1
[122, 125, 126]	1
[122, 125, 127]	1
[122, 125, 128]	1
[122, 125, 129]	1
[122, 125, 130]	1
[122, 125, 131]	1
[122, 125, 132]	1
[122, 125, 133]	1
[122, 126, 127]	1
[122, 126, 128]	1
[122, 126, 129]	1
[122, 126, 130]	1
[122, 126, 131]	1
[122, 126, 132]	1
[122, 126, 133]	1
[122, 127, 127]	1
[122, 127, 128]	1
[122, 127, 129]	1
[122, 127, 130]	1
[122, 127, 131]	1
[122, 127, 132]	1
[122, 127, 133]	1
[122, 128, 128]	1
[122, 128, 129]	1
[122, 128, 130]	1
[122, 128, 131]	1
[122, 128, 132]	1
[122, 128, 133]	1
[122, 129, 129]	1
[122, 129, 130]	1
[122, 129, 131]	1
[122, 129, 132]	1
[122, 129, 133]	1
[122, 130, 130]	1
[122, 130, 131]	1
[122, 130, 132]	1
[122, 130, 133]	1
[122, 131, 131]	1
[122, 131, 132]	1
[122, 131, 133]	1
[122, 132, 132]	1
[122, 132, 133]	1
[122, 133, 133]	1
[123, 123, 124]	1
[123, 123, 126]	1
[123, 123, 127]	1
[123, 123, 128]	1
[123, 123, 129]	1
[123, 123, 130]	1
[123, 123, 131]	1
[123, 123, 132]	1
[123, 123, 133]	1
[123, 124, 124]	1
[123, 124, 125]	1
[123, 124, 126]	1
[123, 124, 127]	1
[123, 124, 128]	1
[123, 124, 129]	1
[123, 124, 130]	1
[123, 124, 131]	1
[123, 124, 132]	1
[123, 124, 133]	1
[123, 125, 126]	1
[123, 125, 127]	1
[123, 125, 128]	1
[123, 125, 129]	1
[123, 125, 130]	1
[123, 125, 131]	1
[123, 125, 132]	1
[123, 125, 133]	1
[123, 126, 127]	1
[123, 126, 128]	1
[123, 126, 129]	1
[123, 126, 130]	1
[123, 126, 131]	1
[123, 126, 132]	1
[123, 126, 133]	1
[123, 127, 127]	1
[123, 127, 128]	1
[123, 127, 129]	1
[123, 127, 130]	1
[123, 127, 131]	1
[123, 127, 132]	1
[123, 127, 133]	1
[123, 128, 128]	1
[123, 128, 129]	1
[123, 128, 130]	1
[123, 128, 131]	1
[123, 128, 132]	1
[123, 128, 133]	1
[123, 129, 129]	1
[123, 129, 130]	1
[123, 129, 131]	1
[123, 129, 132]	1
[123, 129, 133]	1
[123, 130, 130]	1
[123, 130, 131]	1
[123, 130, 132]	1
[123, 130, 133]	1
[123, 131, 131]	1
[123, 131, 132]	1
[123, 131, 133]	1
[123, 132, 132]	1
[123, 132, 133]	1
[123, 133, 133]	1
[124, 124, 126]	1
[124, 124, 127]	1
[124, 124, 128]	1
[124, 124, 129]	1
[124, 124, 130]	1
[124, 124, 131]	1
[124, 124, 132]	1
[124, 124, 133]	1
[124, 125, 126]	1
[124, 125, 127]	1
[124, 125, 128]	1
[124, 125, 129]	1
[124, 125, 130]	1
[124, 125, 131]	1
[124, 125, 132]	1
[124, 125, 133]	1
[124, 126, 127]	1
[124, 126, 128]	1
[124, 126, 129]	1
[124, 126, 130]	1
[124, 126, 131]	1
[124, 126, 132]	1
[124, 126, 133]	1
[124, 127, 127]	1
[124, 127, 128]	1
[124, 127, 129]	1
[124, 127, 130]	1
[124, 127, 131]	1
[124, 127, 132]	1
[124, 127, 133]	1
[124, 128, 128]	1
[124, 128, 129]	1
[124, 128, 130]	1
[124, 128, 131]	1
[124, 128, 132]	1
[124, 128, 133]	1
[124, 129, 129]	1
[124, 129, 130]	1
[124, 129, 131]	1
[124, 129, 132]	1
[124, 129, 133]	1
[124, 130, 130]	1
[124, 130, 131]	1
[124, 130, 132]	1
[124, 130, 133]	1
[124, 131, 131]	1
[124, 131, 132]	1
[124, 131, 133]	1
[124, 132, 132]	1
[124, 132, 133]	1
[124, 133, 133]	1
[125, 126, 127]	1
[125, 126, 128]	1
[125, 126, 129]	1
[125, 126, 130]	1
[125, 126, 131]	1
[125, 126, 132]	1
[125, 126, 133]	1
[125, 127, 128]	1
[125, 127, 129]	1
[125, 127, 130]	1
[125, 127, 131]	1
[125, 127, 132]	1
[125, 127, 133]	1
[125, 128, 129]	1
[125, 128, 130]	1
[125, 128, 131]	1
[125, 128, 132]	1
[125, 128, 133]	1
[125, 129, 130]	1
[125, 129, 131]	1
[125, 129, 132]	1
[125, 129, 133]	1
[125, 130, 131]	1
[125, 130, 132]	1
[125, 130, 133]	1
[125, 131, 132]	1
[125, 131, 133]	1
[125, 132, 133]	1
[126, 127, 127]	1
[126, 127, 128]	1
[126, 127, 129]	1
[126, 127, 130]	1
[126, 127, 131]	1
[126, 127, 132]	1
[126, 127, 133]	1
[126, 128, 128]	1
[126, 128, 129]	1
[126, 128, 130]	1
[126, 128, 131]	1
[126, 128, 132]	1
[126, 128, 133]	1
[126, 129, 129]	1
[126, 129, 130]	1
[126, 129, 131]	1
[126, 129, 132]	1
[126, 129, 133]	1
[126, 130, 130]	1
[126, 130, 131]	1
[126, 130, 132]	1
[126, 130, 133]	1
[126, 131, 131]	1
[126, 131, 132]	1
[126, 131, 133]	1
[126, 132, 132]	1
[126, 132, 133]	1
[126, 133, 133]	1
[127, 127, 128]	1
[127, 127, 129]	1
[127, 127, 130]	1
[127, 127, 131]	1
[127, 127, 132]	1
[127, 127, 133]	1
[127, 128, 128]	1
[127, 128, 129]	1
[127, 128, 130]	1
[127, 128, 131]	1
[127, 128, 132]	1
[127, 128, 133]	1
[127, 129, 129]	1
[127, 129, 130]	1
[127, 129, 131]	1
[127, 129, 132]	1
[127, 129, 133]	1
[127, 130, 130]	1
[127, 130, 131]	1
[127, 130, 132]	1
[127, 130, 133]	1
[127, 131, 131]	1
[127, 131, 132]	1
[127, 131, 133]	1
[127, 132, 132]	1
[127, 132, 133]	1
[127, 133, 133]	1
[128, 128, 129]	1
[128, 128, 130]	1
[128, 128, 131]	1
[128, 128, 132]	1
[128, 128, 133]	1
[128, 129, 129]	1
[128, 129, 130]	1
[128, 129, 131]	1
[128, 129, 132]	1
[128, 129, 133]	1
[128, 130, 130]	1
[128, 130, 131]	1
[128, 130, 132]	1
[128, 130, 133]	1
[128, 131, 131]	1
[128, 131, 132]	1
[128, 131, 133]	1
[128, 132, 132]	1
[128, 132, 133]	1
[128, 133, 133]	1
[129, 129, 130]	1
[129, 129, 131]	1
[129, 129, 132]	1
[129, 129, 133]	1
[129, 130, 130]	1
[129, 130, 131]	1
[129, 130, 132]	1
[129, 130, 133]	1
[129, 131, 131]	1
[129, 131, 132]	1
[129, 131, 133]	1
[129, 132, 132]	1
[129, 132, 133]	1
[129, 133, 133]	1
[130, 130, 131]	1
[130, 130, 132]	1
[130, 130, 133]	1
[130, 131, 131]	1
[130, 131, 132]	1
[130, 131, 133]	1
[130, 132, 132]	1
[130, 132, 133]	1
[130, 133, 133]	1
[131, 131, 132]	1
[131, 131, 133]	1
[131, 132, 132]	1
[131, 132, 133]	1
[131, 133, 133]	1
[132, 132, 133]	1
[132, 133, 133]	1
[134, 135, 136]	1
[135, 136, 136]	1
[137, 137, 138]	1
[137, 137, 139]	1
[137, 137, 140]	1
[137, 137, 141]	1
[137, 137, 142]	1
[137, 137, 144]	1
[137, 137, 145]	1
[137, 137, 146]	1
[137, 137, 147]	1
[137, 137, 148]	1
[137, 137, 149]	1
[137, 138, 138]	1
[137, 138, 139]	1
[137, 138, 140]	1
[137, 138, 141]	1
[137, 138, 142]	1
[137, 138, 143]	1
[137, 138, 144]	1
[137, 138, 145]	1
[137, 138, 146]	1
[137, 138, 147]	1
[137, 138, 148]	1
[137, 138, 149]	1
[137, 139, 139]	1
[137, 139, 140]	1
[137, 139, 141]	1
[137, 139, 142]	1
[137, 139, 143]	1
[137, 139, 144]	1
[137, 139, 145]	1
[137, 139, 146]	1
[137, 139, 147]	1
[137, 139, 148]	1
[137, 139, 149]	1
[137, 140, 140]	1
[137, 140, 141]	1
[137, 140, 142]	1
[137, 140, 143]	1
[137, 140, 144]	1
[137, 140, 145]	1
[137, 140, 146]	1
[137, 140, 147]	1
[137, 140, 148]	1
[137, 140, 149]	1
[137, 141, 141]	1
[137, 141, 142]	1
[137, 141, 143]	1
[137, 141, 144]	1
[137, 141, 145]	1
[137, 141, 146]	1
[137, 141, 147]	1
[137, 141, 148]	1
[137, 141, 149]	1
[137, 142, 142]	1
[137, 142, 143]	1
[137, 142, 144]	1
[137, 142, 145]	1
[137, 142, 146]	1
[137, 142, 147]	1
[137, 142, 148]	1
[137, 142, 149]	1
[137, 143, 144]	1
[137, 143, 145]	1
[137, 143, 146]	1
[137, 143, 147]	1
[137, 143, 148]	1
[137, 143, 149]	1
[137, 144, 145]	1
[137, 144, 146]	1
[137, 144, 147]	1
[137, 144, 148]	1
[137, 144, 149]	1
[137, 145, 145]	1
[137, 145, 146]	1
[137, 145, 147]	1
[137, 145, 148]	1
[137, 145, 149]	1
[137, 146, 146]	1
[137, 146, 147]	1
[137, 146, 148]	1
[137, 146, 149]	1
[137, 147, 147]	1
[137, 147, 148]	1
[137, 147, 149]	1
[137, 148, 148]	1
[137, 148, 149]	1
[137, 149, 149]	1
[138, 138, 139]	1
[138, 138, 140]	1
[138, 138, 141]	1
[138, 138, 142]	1
[138, 138, 144]	1
[138, 138, 145]	1
[138, 138, 146]	1
[138, 138, 147]	1
[138, 138, 148]	1
[138, 138, 149]	1
[138, 139, 139]	1
[138, 139, 140]	1
[138, 139, 141]	1
[138, 139, 142]	1
[138, 139, 143]	1
[138, 139, 144]	1
[138, 139, 145]	1
[138, 139, 146]	1
[138, 139, 147]	1
[138, 139, 148]	1
[138, 139, 149]	1
[138, 140, 140]	1
[138, 140, 141]	1
[138, 140, 142]	1
[138, 140, 143]	1
[138, 140, 144]	1
[138, 140, 145]	1
[138, 140, 146]	1
[138, 140, 147]	1
[138, 140, 148]	1
[138, 140, 149]	1
[138, 141, 141]	1
[138, 141, 142]	1
[138, 141, 143]	1
[138, 141, 144]	1
[138, 141, 145]	1
[138, 141, 146]	1
[138, 141, 147]	1
[138, 141, 148]	1
[138, 141, 149]	1
[138, 142, 142]	1
[138, 142, 143]	1
[138, 142, 144]	1
[138, 142, 145]	1
[138, 142, 146]	1
[138, 142, 147]	1
[138, 142, 148]	1
[138, 142, 149]	1
[138, 143, 144]	1
[138, 143, 145]	1
[138, 143, 146]	1
[138, 143, 147]	1
[138, 143, 148]	1
[138, 143, 149]	1
[138, 144, 145]	1
[138, 144, 146]	1
[138, 144, 147]	1
[138, 144, 148]	1
[138, 144, 149]	1
[138, 145, 145]	1
[138, 145, 146]	1
[138, 145, 147]	1
[138, 145, 148]	1
[138, 145, 149]	1
[138, 146, 146]	1
[138, 146, 147]	1
[138, 146, 148]	1
[138, 146, 149]	1
[138, 147, 147]	1
[138, 147, 148]	1
[138, 147, 149]	1
[138, 148, 148]	1
[138, 148, 149]	1
[138, 149, 149]	1
[139, 139, 140]	1
[139, 139, 141]	1
[139, 139, 142]	1
[139, 139, 144]	1
[139, 139, 145]	1
[139, 139, 146]	1
[139, 139, 147]	1
[139, 139, 148]	1
[139, 139, 149]	1
[139, 140, 140]	1
[139, 140, 141]	1
[139, 140, 142]	1
[139, 140, 143]	1
[139, 140, 144]	1
[139, 140, 145]	1
[139, 140, 146]	1
[139, 140, 147]	1
[139, 140, 148]	1
[139, 140, 149]	1
[139, 141, 141]	1
[139, 141, 142]	1
[139, 141, 143]	1
[139, 141, 144]	1
[139, 141, 145]	1
[139, 141, 146]	1
[139, 141, 147]	1
[139, 141, 148]	1
[139, 141, 149]	1
[139, 142, 142]	1
[139, 142, 143]	1
[139, 142, 144]	1
[139, 142, 145]	1
[139, 142, 146]	1
[139, 142, 147]	1
[139, 142, 148]	1
[139, 142, 149]	1
[139, 143, 144]	1
[139, 143, 145]	1
[139, 143, 146]	1
[139, 143, 147]	1
[139, 143, 148]	1
[139, 143, 149]	1
[139, 144, 145]	1
[139, 144, 146]	1
[139, 144, 147]	1
[139, 144, 148]	1
[139, 144, 149]	1
[139, 145, 145]	1
[139, 145, 146]	1
[139, 145, 147]	1
[139, 145, 148]	1
[139, 145, 149]	1
[139, 146, 146]	1
[139, 146, 147]	1
[139, 146, 148]	1
[139, 146, 149]	1
[139, 147, 147]	1
[139, 147, 148]	1
[139, 147, 149]	1
[139, 148, 148]	1
[139, 148, 149]	1
[139, 149, 149]	1
[140, 140, 141]	1
[140, 140, 142]	1
[140, 140, 144]	1
[140, 140, 145]	1
[140, 140, 146]	1
[140, 140, 147]	1
[140, 140, 148]	1
[140, 140, 149]	1
[140, 141, 141]	1
[140, 141, 142]	1
[140, 141, 143]	1
[140, 141, 144]	1
[140, 141, 145]	1
[140, 141, 146]	1
[140, 141, 147]	1
[140, 141, 148]	1
[140, 141, 149]	1
[140, 142, 142]	1
[140, 142, 143]	1
[140, 142, 144]	1
[140, 142, 145]	1
[140, 142, 146]	1
[140, 142, 147]	1
[140, 142, 148]	1
[140, 142, 149]	1
[140, 143, 144]	1
[140, 143, 145]	1
[140, 143, 146]	1
[140, 143, 147]	1
[140, 143, 148]	1
[140, 143, 149]	1
[140, 144, 145]	1
[140, 144, 146]	1
[140, 144, 147]	1
[140, 144, 148]	1
[140, 144, 149]	1
[140, 145, 145]	1
[140, 145, 146]	1
[140, 145, 147]	1
[140, 145, 148]	1
[140, 145, 149]	1
[140, 146, 146]	1
[140, 146, 147]	1
[140, 146, 148]	1
[140, 146, 149]	1
[140, 147, 147]	1
[140, 147, 148]	1
[140, 147, 149]	1
[140, 148, 148]	1
[140, 148, 149]	1
[140, 149, 149]	1
[141, 141, 142]	1
[141, 141, 144]	1
[141, 141, 145]	1
[141, 141, 146]	1
[141, 141, 147]	1
[141, 141, 148]	1
[141, 141, 149]	1
[141, 142, 142]	1
[141, 142, 143]	1
[141, 142, 144]	1
[141, 142, 145]	1
[141, 142, 146]	1
[141, 142, 147]	1
[141, 142, 148]	1
[141, 142, 149]	1
[141, 143, 144]	1
[141, 143, 145]	1
[141, 143, 146]	1
[141, 143, 147]	1
[141, 143, 148]	1
[141, 143, 149]	1
[141, 144, 145]	1
[141, 144, 146]	1
[141, 144, 147]	1
[141, 144, 148]	1
[141, 144, 149]	1
[141, 145, 145]	1
[141, 145, 146]	1
[141, 145, 147]	1
[141, 145, 148]	1
[141, 145, 149]	1
[141, 146, 146]	1
[141, 146, 147]	1
[141, 146, 148]	1
[141, 146, 149]	1
[141, 147, 147]	1
[141, 147, 148]	1
[141, 147, 149]	1
[141, 148, 148]	1
[141, 148, 149]	1
[141, 149, 149]	1
[142, 142, 144]	1
[142, 142, 145]	1
[142, 142, 146]	1
[142, 142, 147]	1
[142, 142, 148]	1
[142, 142, 149]	1
[142, 143, 144]	1
[142, 143, 145]	1
[142, 143, 146]	1
[142, 143, 147]	1
[142, 143, 148]	1
[142, 143, 149]	1
[142, 144, 145]	1
[142, 144, 146]	1
[142, 144, 147]	1
[142, 144, 148]	1
[142, 144, 149]	1
[142, 145, 145]	1
[142, 145, 146]	1
[142, 145, 147]	1
[142, 145, 148]	1
[142, 145, 149]	1
[142, 146, 146]	1
[142, 146, 147]	1
[142, 146, 148]	1
[142, 146, 149]	1
[142, 147, 147]	1
[142, 147, 148]	1
[142, 147, 149]	1
[142, 148, 148]	1
[142, 148, 149]	1
[142, 149, 149]	1
[143, 144, 145]	1
[143, 144, 146]	1
[143, 144, 147]	1
[143, 144, 148]	1
[143, 144, 149]	1
[143, 145, 146]	1
[143, 145, 147]	1
[143, 145, 148]	1
[143, 145, 149]	1
[143, 146, 147]	1
[143, 146, 148]	1
[143, 146, 149]	1
[143, 147, 148]	1
[143, 147, 149]	1
[143, 148, 149]	1
[144, 145, 145]	1
[144, 145, 146]	1
[144, 145, 147]	1
[144, 145, 148]	1
[144, 145, 149]	1
[144, 146, 146]	1
[144, 146, 147]	1
[144, 146, 148]	1
[144, 146, 149]	1
[144, 147, 147]	1
[144, 147, 148]	1
[144, 147, 149]	1
[144, 148, 148]	1
[144, 148, 149]	1
[144, 149, 149]	1
[145, 145, 146]	1
[145, 145, 147]	1
[145, 145, 148]	1
[145, 145, 149]	1
[145, 146, 146]	1
[145, 146, 147]	1
[145, 146, 148]	1
[145, 146, 149]	1
[145, 147, 147]	1
[145, 147, 148]	1
[145, 147, 149]	1
[145, 148, 148]	1
[145, 148, 149]	1
[145, 149, 149]	1
[146, 146, 147]	1
[146, 146, 148]	1
[146, 146, 149]	1
[146, 147, 147]	1
[146, 147, 148]	1
[146, 147, 149]	1
[146, 148, 148]	1
[146, 148, 149]	1
[146, 149, 149]	1
[147, 147, 148]	1
[147, 147, 149]	1
[147, 148, 148]	1
[147, 148, 149]	1
[147, 149, 149]	1
[148, 148, 149]	1
[148, 149, 149]	1
[150, 151, 151]	1
[150, 151, 152]	1
[153, 154, 155]	1
[154, 154, 155]	1
[154, 155, 155]	1
[156, 156, 157]	1
[156, 156, 158]	1
[156, 156, 159]	1
[156, 156, 160]	1
[156, 157, 157]	1
[156, 157, 158]	1
[156, 157, 159]	1
[156, 157, 160]	1
[156, 158, 158]	1
[156, 158, 159]	1
[156, 158, 160]	1
[156, 159, 159]	1
[156, 159, 160]	1
[157, 157, 158]	1
[157, 157, 159]	1
[157, 157, 160]	1
[157, 158, 158]	1
[157, 158, 159]	1
[157, 158, 160]	1
[157, 159, 159]	1
[157, 159, 160]	1
[158, 158, 159]	1
[158, 158, 160]	1
[158, 159, 159]	1
[158, 159, 160]	1
[159, 159, 160]	1
[3, 39, 48]	1
[32, 32, 41]	1
[32, 32, 60]	1
[32, 32, 61]	1
[32, 32, 62]	1
[32, 41, 59]	1
[32, 41, 60]	1
[32, 41, 61]	1
[32, 41, 62]	1
[32, 59, 60]	1
[32, 59, 61]	1
[32, 59, 62]	1
[32, 60, 60]	1
[32, 60, 61]	1
[32, 60, 62]	1
[32, 61, 61]	1
[32, 61, 62]	1
[32, 62, 62]	1
[36, 36, 38]	1
[36, 36, 39]	1
[36, 36, 41]	1
[36, 36, 48]	1
[36, 36, 80]	1
[36, 36, 81]	1
[36, 38, 38]	1
[36, 38, 38]	1
[36, 38, 39]	1
[36, 38, 39]	1
[36, 38, 41]	1
[36, 38, 48]	1
[36, 38, 48]	1
[36, 38, 79]	1
[36, 38, 80]	1
[36, 38, 81]	1
[36, 38, 89]	1
[36, 39, 39]	1
[36, 39, 39]	1
[36, 39, 41]	1
[36, 39, 48]	1
[36, 39, 48]	1
[36, 39, 79]	1
[36, 39, 80]	1
[36, 39, 81]	1
[36, 39, 89]	1
[36, 41, 41]	1
[36, 41, 48]	1
[36, 41, 79]	1
[36, 41, 80]	1
[36, 41, 81]	1
[36, 48, 79]	1
[36, 48, 80]	1
[36, 48, 81]	1
[36, 48, 89]	1
[36, 79, 80]	1
[36, 79, 81]	1
[36, 80, 80]	1
[36, 80, 81]	1
[36, 81, 81]	1
[36, 89, 89]	1
[38, 109, 110]	1
[38, 153, 154]	1
[38, 153, 155]	1
[38, 154, 154]	1
[38, 154, 155]	1
[38, 155, 155]	1
[38, 38, 110]	1
[38, 38, 154]	1
[38, 38, 155]	1
[38, 38, 39]	1
[38, 38, 39]	1
[38, 38, 39]	1
[38, 38, 39]	1
[38, 38, 39]	1
[38, 38, 39]	1
[38, 38, 41]	1
[38, 38, 41]	1
[38, 38, 47]	1
[38, 38, 48]	1
[38, 38, 48]	1
[38, 38, 50]	1
[38, 38, 51]	1
[38, 38, 52]	1
[38, 38, 53]	1
[38, 38, 54]	1
[38, 38, 55]	1
[38, 38, 56]	1
[38, 38, 56]	1
[38, 38, 57]	1
[38, 38, 58]	1
[38, 38, 80]	1
[38, 38, 81]	1
[38, 38, 89]	1
[38, 39, 109]	1
[38, 39, 110]	1
[38, 39, 153]	1
[38, 39, 154]	1
[38, 39, 155]	1
[38, 39, 39]	1
[38, 39, 39]	1
[38, 39, 39]	1
[38, 39, 39]	1
[38, 39, 39]	1
[38, 39, 39]	1
[38, 39, 41]	1
[38, 39, 41]	1
[38, 39, 47]	1
[38, 39, 48]	1
[38, 39, 48]	1
[38, 39, 48]	1
[38, 39, 48]	1
[38, 39, 49]	1
[38, 39, 50]	1
[38, 39, 51]	1
[38, 39, 52]	1
[38, 39, 53]	1
[38, 39, 54]	1
[38, 39, 55]	1
[38, 39, 56]	1
[38, 39, 56]	1
[38, 39, 57]	1
[38, 39, 58]	1
[38, 39, 79]	1
[38, 39, 80]	1
[38, 39, 81]	1
[38, 39, 89]	1
[38, 41, 109]	1
[38, 41, 110]	1
[38, 41, 41]	1
[38, 41, 41]	1
[38, 41, 48]	1
[38, 41, 79]	1
[38, 41, 80]	1
[38, 41, 81]	1
[38, 47, 48]	1
[38, 48, 49]	1
[38, 48, 50]	1
[38, 48, 51]	1
[38, 48, 52]	1
[38, 48, 53]	1
[38, 48, 54]	1
[38, 48, 55]	1
[38, 48, 56]	1
[38, 48, 57]	1
[38, 48, 58]	1
[38, 48, 79]	1
[38, 48, 80]	1
[38, 48, 81]	1
[38, 48, 89]	1
[38, 49, 50]	1
[38, 49, 51]	1
[38, 49, 52]	1
[38, 49, 53]	1
[38, 49, 54]	1
[38, 49, 55]	1
[38, 49, 56]	1
[38, 49, 57]	1
[38, 49, 58]	1
[38, 50, 50]	1
[38, 50, 51]	1
[38, 50, 52]	1
[38, 50, 53]	1
[38, 50, 54]	1
[38, 50, 55]	1
[38, 50, 56]	1
[38, 50, 57]	1
[38, 50, 58]	1
[38, 51, 51]	1
[38, 51, 52]	1
[38, 51, 53]	1
[38, 51, 54]	1
[38, 51, 55]	1
[38, 51, 56]	1
[38, 51, 57]	1
[38, 51, 58]	1
[38, 52, 52]	1
[38, 52, 53]	1
[38, 52, 54]	1
[38, 52, 55]	1
[38, 52, 56]	1
[38, 52, 57]	1
[38, 52, 58]	1
[38, 53, 53]	1
[38, 53, 54]	1
[38, 53, 55]	1
[38, 53, 56]	1
[38, 53, 57]	1
[38, 53, 58]	1
[38, 54, 54]	1
[38, 54, 55]	1
[38, 54, 56]	1
[38, 54, 57]	1
[38, 54, 58]	1
[38, 55, 55]	1
[38, 55, 56]	1
[38, 55, 57]	1
[38, 55, 58]	1
[38, 56, 153]	1
[38, 56, 154]	1
[38, 56, 155]	1
[38, 56, 56]	1
[38, 56, 57]	1
[38, 56, 58]	1
[38, 57, 57]	1
[38, 57, 58]	1
[38, 58, 58]	1
[38, 79, 80]	1
[38, 79, 81]	1
[38, 80, 80]	1
[38, 80, 81]	1
[38, 81, 81]	1
[38, 89, 89]	1
[39, 100, 100]	1
[39, 100, 101]	1
[39, 101, 101]	1
[39, 102, 102]	1
[39, 102, 103]	1
[39, 102, 104]	1
[39, 102, 105]	1
[39, 102, 106]	1
[39, 102, 107]	1
[39, 102, 108]	1
[39, 103, 103]	1
[39, 103, 104]	1
[39, 103, 105]	1
[39, 103, 106]	1
[39, 103, 107]	1
[39, 103, 108]	1
[39, 104, 104]	1
[39, 104, 105]	1
[39, 104, 106]	1
[39, 104, 107]	1
[39, 104, 108]	1
[39, 105, 105]	1
[39, 105, 106]	1
[39, 105, 107]	1
[39, 105, 108]	1
[39, 106, 106]	1
[39, 106, 107]	1
[39, 106, 108]	1
[39, 107, 107]	1
[39, 107, 108]	1
[39, 109, 110]	1
[39, 111, 111]	1
[39, 111, 112]	1
[39, 111, 113]	1
[39, 111, 114]	1
[39, 111, 115]	1
[39, 111, 116]	1
[39, 111, 117]	1
[39, 111, 118]	1
[39, 112, 112]	1
[39, 112, 113]	1
[39, 112, 114]	1
[39, 112, 115]	1
[39, 112, 116]	1
[39, 112, 117]	1
[39, 112, 118]	1
[39, 113, 113]	1
[39, 113, 114]	1
[39, 113, 115]	1
[39, 113, 116]	1
[39, 113, 117]	1
[39, 113, 118]	1
[39, 114, 114]	1
[39, 114, 115]	1
[39, 114, 116]	1
[39, 114, 117]	1
[39, 114, 118]	1
[39, 115, 115]	1
[39, 115, 116]	1
[39, 115, 117]	1
[39, 115, 118]	1
[39, 116, 117]	1
[39, 116, 118]	1
[39, 117, 118]	1
[39, 118, 118]	1
[39, 137, 137]	1
[39, 137, 138]	1
[39, 137, 139]	1
[39, 137, 140]	1
[39, 137, 141]	1
[39, 137, 142]	1
[39, 137, 143]	1
[39, 137, 144]	1
[39, 137, 145]	1
[39, 137, 146]	1
[39, 137, 147]	1
[39, 137, 148]	1
[39, 137, 149]	1
[39, 138, 138]	1
[39, 138, 139]	1
[39, 138, 140]	1
[39, 138, 141]	1
[39, 138, 142]	1
[39, 138, 143]	1
[39, 138, 144]	1
[39, 138, 145]	1
[39, 138, 146]	1
[39, 138, 147]	1
[39, 138, 148]	1
[39, 138, 149]	1
[39, 139, 139]	1
[39, 139, 140]	1
[39, 139, 141]	1
[39, 139, 142]	1
[39, 139, 143]	1
[39, 139, 144]	1
[39, 139, 145]	1
[39, 139, 146]	1
[39, 139, 147]	1
[39, 139, 148]	1
[39, 139, 149]	1
[39, 140, 140]	1
[39, 140, 141]	1
[39, 140, 142]	1
[39, 140, 143]	1
[39, 140, 144]	1
[39, 140, 145]	1
[39, 140, 146]	1
[39, 140, 147]	1
[39, 140, 148]	1
[39, 140, 149]	1
[39, 141, 141]	1
[39, 141, 142]	1
[39, 141, 143]	1
[39, 141, 144]	1
[39, 141, 145]	1
[39, 141, 146]	1
[39, 141, 147]	1
[39, 141, 148]	1
[39, 141, 149]	1
[39, 142, 142]	1
[39, 142, 143]	1
[39, 142, 144]	1
[39, 142, 145]	1
[39, 142, 146]	1
[39, 142, 147]	1
[39, 142, 148]	1
[39, 142, 149]	1
[39, 143, 144]	1
[39, 143, 145]	1
[39, 143, 146]	1
[39, 143, 147]	1
[39, 143, 148]	1
[39, 143, 149]	1
[39, 144, 145]	1
[39, 144, 146]	1
[39, 144, 147]	1
[39, 144, 148]	1
[39, 144, 149]	1
[39, 145, 145]	1
[39, 145, 146]	1
[39, 145, 147]	1
[39, 145, 148]	1
[39, 145, 149]	1
[39, 146, 146]	1
[39, 146, 147]	1
[39, 146, 148]	1
[39, 146, 149]	1
[39, 147, 147]	1
[39, 147, 148]	1
[39, 147, 149]	1
[39, 148, 148]	1
[39, 148, 149]	1
[39, 149, 149]	1
[39, 150, 151]	1
[39, 150, 152]	1
[39, 151, 151]	1
[39, 151, 152]	1
[39, 153, 154]	1
[39, 153, 155]	1
[39, 154, 154]	1
[39, 154, 155]	1
[39, 155, 155]	1
[39, 39, 100]	1
[39, 39, 101]	1
[39, 39, 102]	1
[39, 39, 103]	1
[39, 39, 104]	1
[39, 39, 105]	1
[39, 39, 106]	1
[39, 39, 107]	1
[39, 39, 110]	1
[39, 39, 111]	1
[39, 39, 112]	1
[39, 39, 113]	1
[39, 39, 114]	1
[39, 39, 115]	1
[39, 39, 117]	1
[39, 39, 118]	1
[39, 39, 137]	1
[39, 39, 138]	1
[39, 39, 139]	1
[39, 39, 140]	1
[39, 39, 141]	1
[39, 39, 142]	1
[39, 39, 144]	1
[39, 39, 145]	1
[39, 39, 146]	1
[39, 39, 147]	1
[39, 39, 148]	1
[39, 39, 149]	1
[39, 39, 150]	1
[39, 39, 151]	1
[39, 39, 154]	1
[39, 39, 155]	1
[39, 39, 41]	1
[39, 39, 41]	1
[39, 39, 41]	1
[39, 39, 47]	1
[39, 39, 48]	1
[39, 39, 48]	1
[39, 39, 48]	1
[39, 39, 48]	1
[39, 39, 48]	1
[39, 39, 50]	1
[39, 39, 51]	1
[39, 39, 52]	1
[39, 39, 53]	1
[39, 39, 54]	1
[39, 39, 55]	1
[39, 39, 56]	1
[39, 39, 56]	1
[39, 39, 57]	1
[39, 39, 58]	1
[39, 39, 73]	1
[39, 39, 74]	1
[39, 39, 75]	1
[39, 39, 76]	1
[39, 39, 77]	1
[39, 39, 78]	1
[39, 39, 80]	1
[39, 39, 81]	1
[39, 39, 89]	1
[39, 39, 89]	1
[39, 39, 90]	1
[39, 39, 91]	1
[39, 39, 92]	1
[39, 39, 93]	1
[39, 39, 94]	1
[39, 39, 95]	1
[39, 39, 96]	1
[39, 39, 97]	1
[39, 39, 99]	1
[39, 41, 102]	1
[39, 41, 103]	1
[39, 41, 104]	1
[39, 41, 105]	1
[39, 41, 106]	1
[39, 41, 107]	1
[39, 41, 108]	1
[39, 41, 109]	1
[39, 41, 110]	1
[39, 41, 41]	1
[39, 41, 41]	1
[39, 41, 48]	1
[39, 41, 79]	1
[39, 41, 80]	1
[39, 41, 81]	1
[39, 47, 48]	1
[39, 48, 100]	1
[39, 48, 101]	1
[39, 48, 137]	1
[39, 48, 138]	1
[39, 48, 139]	1
[39, 48, 140]	1
[39, 48, 141]	1
[39, 48, 142]	1
[39, 48, 143]	1
[39, 48, 144]	1
[39, 48, 145]	1
[39, 48, 146]	1
[39, 48, 147]	1
[39, 48, 148]	1
[39, 48, 149]	1
[39, 48, 48]	1
[39, 48, 48]	1
[39, 48, 49]	1
[39, 48, 50]	1
[39, 48, 51]	1
[39, 48, 52]	1
[39, 48, 53]	1
[39, 48, 54]	1
[39, 48, 55]	1
[39, 48, 56]	1
[39, 48, 57]	1
[39, 48, 58]	1
[39, 48, 79]	1
[39, 48, 80]	1
[39, 48, 81]	1
[39, 48, 89]	1
[39, 48, 89]	1
[39, 48, 90]	1
[39, 48, 91]	1
[39, 48, 92]	1
[39, 48, 93]	1
[39, 48, 94]	1
[39, 48, 95]	1
[39, 48, 96]	1
[39, 48, 97]	1
[39, 48, 98]	1
[39, 48, 99]	1
[39, 49, 50]	1
[39, 49, 51]	1
[39, 49, 52]	1
[39, 49, 53]	1
[39, 49, 54]	1
[39, 49, 55]	1
[39, 49, 56]	1
[39, 49, 57]	1
[39, 49, 58]	1
[39, 50, 50]	1
[39, 50, 51]	1
[39, 50, 52]	1
[39, 50, 53]	1
[39, 50, 54]	1
[39, 50, 55]	1
[39, 50, 56]	1
[39, 50, 57]	1
[39, 50, 58]	1
[39, 51, 51]	1
[39, 51, 52]	1
[39, 51, 53]	1
[39, 51, 54]	1
[39, 51, 55]	1
[39, 51, 56]	1
[39, 51, 57]	1
[39, 51, 58]	1
[39, 52, 52]	1
[39, 52, 53]	1
[39, 52, 54]	1
[39, 52, 55]	1
[39, 52, 56]	1
[39, 52, 57]	1
[39, 52, 58]	1
[39, 53, 53]	1
[39, 53, 54]	1
[39, 53, 55]	1
[39, 53, 56]	1
[39, 53, 57]	1
[39, 53, 58]	1
[39, 54, 54]	1
[39, 54, 55]	1
[39, 54, 56]	1
[39, 54, 57]	1
[39, 54, 58]	1
[39, 55, 55]	1
[39, 55, 56]	1
[39, 55, 57]	1
[39, 55, 58]	1
[39, 56, 153]	1
[39, 56, 154]	1
[39, 56, 155]	1
[39, 56, 56]	1
[39, 56, 57]	1
[39, 56, 58]	1
[39, 57, 57]	1
[39, 57, 58]	1
[39, 58, 58]	1
[39, 73, 73]	1
[39, 73, 74]	1
[39, 73, 75]	1
[39, 73, 76]	1
[39, 73, 77]	1
[39, 73, 78]	1
[39, 73, 79]	1
[39, 74, 74]	1
[39, 74, 75]	1
[39, 74, 76]	1
[39, 74, 77]	1
[39, 74, 78]	1
[39, 74, 79]	1
[39, 75, 75]	1
[39, 75, 76]	1
[39, 75, 77]	1
[39, 75, 78]	1
[39, 75, 79]	1
[39, 76, 76]	1
[39, 76, 77]	1
[39, 76, 78]	1
[39, 76, 79]	1
[39, 77, 77]	1
[39, 77, 78]	1
[39, 77, 79]	1
[39, 78, 79]	1
[39, 79, 80]	1
[39, 79, 81]	1
[39, 80, 80]	1
[39, 80, 81]	1
[39, 81, 81]	1
[39, 89, 100]	1
[39, 89, 101]	1
[39, 89, 89]	1
[39, 89, 89]	1
[39, 89, 90]	1
[39, 89, 91]	1
[39, 89, 92]	1
[39, 89, 93]	1
[39, 89, 94]	1
[39, 89, 95]	1
[39, 89, 96]	1
[39, 89, 97]	1
[39, 89, 98]	1
[39, 89, 99]	1
[39, 90, 100]	1
[39, 90, 101]	1
[39, 90, 90]	1
[39, 90, 91]	1
[39, 90, 92]	1
[39, 90, 93]	1
[39, 90, 94]	1
[39, 90, 95]	1
[39, 90, 96]	1
[39, 90, 97]	1
[39, 90, 98]	1
[39, 90, 99]	1
[39, 91, 100]	1
[39, 91, 101]	1
[39, 91, 91]	1
[39, 91, 92]	1
[39, 91, 93]	1
[39, 91, 94]	1
[39, 91, 95]	1
[39, 91, 96]	1
[39, 91, 97]	1
[39, 91, 98]	1
[39, 91, 99]	1
[39, 92, 100]	1
[39, 92, 101]	1
[39, 92, 92]	1
[39, 92, 93]	1
[39, 92, 94]	1
[39, 92, 95]	1
[39, 92, 96]	1
[39, 92, 97]	1
[39, 92, 98]	1
[39, 92, 99]	1
[39, 93, 100]	1
[39, 93, 101]	1
[39, 93, 93]	1
[39, 93, 94]	1
[39, 93, 95]	1
[39, 93, 96]	1
[39, 93, 97]	1
[39, 93, 98]	1
[39, 93, 99]	1
[39, 94, 100]	1
[39, 94, 101]	1
[39, 94, 94]	1
[39, 94, 95]	1
[39, 94, 96]	1
[39, 94, 97]	1
[39, 94, 98]	1
[39, 94, 99]	1
[39, 95, 100]	1
[39, 95, 101]	1
[39, 95, 95]	1
[39, 95, 96]	1
[39, 95, 97]	1
[39, 95, 98]	1
[39, 95, 99]	1
[39, 96, 100]	1
[39, 96, 101]	1
[39, 96, 96]	1
[39, 96, 97]	1
[39, 96, 98]	1
[39, 96, 99]	1
[39, 97, 100]	1
[39, 97, 101]	1
[39, 97, 98]	1
[39, 97, 99]	1
[39, 98, 100]	1
[39, 98, 101]	1
[39, 98, 99]	1
[39, 99, 100]	1
[39, 99, 101]	1
[39, 99, 99]	1
[41, 102, 102]	1
[41, 102, 103]	1
[41, 102, 104]	1
[41, 102, 105]	1
[41, 102, 106]	1
[41, 102, 107]	1
[41, 102, 108]	1
[41, 103, 103]	1
[41, 103, 104]	1
[41, 103, 105]	1
[41, 103, 106]	1
[41, 103, 107]	1
[41, 103, 108]	1
[41, 104, 104]	1
[41, 104, 105]	1
[41, 104, 106]	1
[41, 104, 107]	1
[41, 104, 108]	1
[41, 105, 105]	1
[41, 105, 106]	1
[41, 105, 107]	1
[41, 105, 108]	1
[41, 106, 106]	1
[41, 106, 107]	1
[41, 106, 108]	1
[41, 107, 107]	1
[41, 107, 108]	1
[41, 109, 110]	1
[41, 41, 110]	1
[41, 41, 48]	1
[41, 41, 80]	1
[41, 41, 81]	1
[41, 48, 79]	1
[41, 48, 80]	1
[41, 48, 81]	1
[41, 59, 60]	1
[41, 59, 61]	1
[41, 59, 62]	1
[41, 60, 60]	1
[41, 60, 61]	1
[41, 60, 62]	1
[41, 61, 61]	1
[41, 61, 62]	1
[41, 62, 62]	1
[41, 79, 80]	1
[41, 79, 81]	1
[41, 80, 80]	1
[41, 80, 81]	1
[41, 81, 81]	1
[41, 85, 86]	1
[41, 85, 87]	1
[41, 85, 88]	1
[41, 86, 87]	1
[41, 86, 88]	1
[41, 87, 88]	1
[48, 100, 100]	1
[48, 100, 101]	1
[48, 101, 101]	1
[48, 134, 135]	1
[48, 134, 136]	1
[48, 135, 136]	1
[48, 136, 136]	1
[48, 137, 137]	1
[48, 137, 138]	1
[48, 137, 139]	1
[48, 137, 140]	1
[48, 137, 141]	1
[48, 137, 142]	1
[48, 137, 143]	1
[48, 137, 144]	1
[48, 137, 145]	1
[48, 137, 146]	1
[48, 137, 147]	1
[48, 137, 148]	1
[48, 137, 149]	1
[48, 138, 138]	1
[48, 138, 139]	1
[48, 138, 140]	1
[48, 138, 141]	1
[48, 138, 142]	1
[48, 138, 143]	1
[48, 138, 144]	1
[48, 138, 145]	1
[48, 138, 146]	1
[48, 138, 147]	1
[48, 138, 148]	1
[48, 138, 149]	1
[48, 139, 139]	1
[48, 139, 140]	1
[48, 139, 141]	1
[48, 139, 142]	1
[48, 139, 143]	1
[48, 139, 144]	1
[48, 139, 145]	1
[48, 139, 146]	1
[48, 139, 147]	1
[48, 139, 148]	1
[48, 139, 149]	1
[48, 140, 140]	1
[48, 140, 141]	1
[48, 140, 142]	1
[48, 140, 143]	1
[48, 140, 144]	1
[48, 140, 145]	1
[48, 140, 146]	1
[48, 140, 147]	1
[48, 140, 148]	1
[48, 140, 149]	1
[48, 141, 141]	1
[48, 141, 142]	1
[48, 141, 143]	1
[48, 141, 144]	1
[48, 141, 145]	1
[48, 141, 146]	1
[48, 141, 147]	1
[48, 141, 148]	1
[48, 141, 149]	1
[48, 142, 142]	1
[48, 142, 143]	1
[48, 142, 144]	1
[48, 142, 145]	1
[48, 142, 146]	1
[48, 142, 147]	1
[48, 142, 148]	1
[48, 142, 149]	1
[48, 143, 144]	1
[48, 143, 145]	1
[48, 143, 146]	1
[48, 143, 147]	1
[48, 143, 148]	1
[48, 143, 149]	1
[48, 144, 145]	1
[48, 144, 146]	1
[48, 144, 147]	1
[48, 144, 148]	1
[48, 144, 149]	1
[48, 145, 145]	1
[48, 145, 146]	1
[48, 145, 147]	1
[48, 145, 148]	1
[48, 145, 149]	1
[48, 146, 146]	1
[48, 146, 147]	1
[48, 146, 148]	1
[48, 146, 149]	1
[48, 147, 147]	1
[48, 147, 148]	1
[48, 147, 149]	1
[48, 148, 148]	1
[48, 148, 149]	1
[48, 149, 149]	1
[48, 156, 157]	1
[48, 156, 158]	1
[48, 156, 159]	1
[48, 156, 160]	1
[48, 157, 158]	1
[48, 157, 159]	1
[48, 157, 160]	1
[48, 158, 159]	1
[48, 158, 160]	1
[48, 159, 160]	1
[48, 48, 100]	1
[48, 48, 101]	1
[48, 48, 135]	1
[48, 48, 136]	1
[48, 48, 137]	1
[48, 48, 138]	1
[48, 48, 139]	1
[48, 48, 140]	1
[48, 48, 141]	1
[48, 48, 142]	1
[48, 48, 144]	1
[48, 48, 145]	1
[48, 48, 146]	1
[48, 48, 147]	1
[48, 48, 148]	1
[48, 48, 149]	1
[48, 48, 89]	1
[48, 48, 90]	1
[48, 48, 91]	1
[48, 48, 92]	1
[48, 48, 93]	1
[48, 48, 94]	1
[48, 48, 95]	1
[48, 48, 96]	1
[48, 48, 97]	1
[48, 48, 99]	1
[48, 49, 50]	1
[48, 49, 51]	1
[48, 49, 52]	1
[48, 49, 53]	1
[48, 49, 54]	1
[48, 49, 55]	1
[48, 49, 56]	1
[48, 49, 57]	1
[48, 49, 58]	1
[48, 50, 50]	1
[48, 50, 51]	1
[48, 50, 52]	1
[48, 50, 53]	1
[48, 50, 54]	1
[48, 50, 55]	1
[48, 50, 56]	1
[48, 50, 57]	1
[48, 50, 58]	1
[48, 51, 51]	1
[48, 51, 52]	1
[48, 51, 53]	1
[48, 51, 54]	1
[48, 51, 55]	1
[48, 51, 56]	1
[48, 51, 57]	1
[48, 51, 58]	1
[48, 52, 52]	1
[48, 52, 53]	1
[48, 52, 54]	1
[48, 52, 55]	1
[48, 52, 56]	1
[48, 52, 57]	1
[48, 52, 58]	1
[48, 53, 53]	1
[48, 53, 54]	1
[48, 53, 55]	1
[48, 53, 56]	1
[48, 53, 57]	1
[48, 53, 58]	1
[48, 54, 54]	1
[48, 54, 55]	1
[48, 54, 56]	1
[48, 54, 57]	1
[48, 54, 58]	1
[48, 55, 55]	1
[48, 55, 56]	1
[48, 55, 57]	1
[48, 55, 58]	1
[48, 56, 56]	1
[48, 56, 57]	1
[48, 56, 58]	1
[48, 57, 57]	1
[48, 57, 58]	1
[48, 58, 58]	1
[48, 70, 71]	1
[48, 70, 72]	1
[48, 71, 72]	1
[48, 79, 80]	1
[48, 79, 81]	1
[48, 80, 80]	1
[48, 80, 81]	1
[48, 81, 81]	1
[48, 89, 100]	1
[48, 89, 101]	1
[48, 89, 89]	1
[48, 89, 90]	1
[48, 89, 91]	1
[48, 89, 92]	1
[48, 89, 93]	1
[48, 89, 94]	1
[48, 89, 95]	1
[48, 89, 96]	1
[48, 89, 97]	1
[48, 89, 98]	1
[48, 89, 99]	1
[48, 90, 100]	1
[48, 90, 101]	1
[48, 90, 90]	1
[48, 90, 91]	1
[48, 90, 92]	1
[48, 90, 93]	1
[48, 90, 94]	1
[48, 90, 95]	1
[48, 90, 96]	1
[48, 90, 97]	1
[48, 90, 98]	1
[48, 90, 99]	1
[48, 91, 100]	1
[48, 91, 101]	1
[48, 91, 91]	1
[48, 91, 92]	1
[48, 91, 93]	1
[48, 91, 94]	1
[48, 91, 95]	1
[48, 91, 96]	1
[48, 91, 97]	1
[48, 91, 98]	1
[48, 91, 99]	1
[48, 92, 100]	1
[48, 92, 101]	1
[48, 92, 92]	1
[48, 92, 93]	1
[48, 92, 94]	1
[48, 92, 95]	1
[48, 92, 96]	1
[48, 92, 97]	1
[48, 92, 98]	1
[48, 92, 99]	1
[48, 93, 100]	1
[48, 93, 101]	1
[48, 93, 93]	1
[48, 93, 94]	1
[48, 93, 95]	1
[48, 93, 96]	1
[48, 93, 97]	1
[48, 93, 98]	1
[48, 93, 99]	1
[48, 94, 100]	1
[48, 94, 101]	1
[48, 94, 94]	1
[48, 94, 95]	1
[48, 94, 96]	1
[48, 94, 97]	1
[48, 94, 98]	1
[48, 94, 99]	1
[48, 95, 100]	1
[48, 95, 101]	1
[48, 95, 95]	1
[48, 95, 96]	1
[48, 95, 97]	1
[48, 95, 98]	1
[48, 95, 99]	1
[48, 96, 100]	1
[48, 96, 101]	1
[48, 96, 96]	1
[48, 96, 97]	1
[48, 96, 98]	1
[48, 96, 99]	1
[48, 97, 100]	1
[48, 97, 101]	1
[48, 97, 98]	1
[48, 97, 99]	1
[48, 98, 100]	1
[48, 98, 101]	1
[48, 98, 99]	1
[48, 99, 100]	1
[48, 99, 101]	1
[48, 99, 99]	1
[49, 50, 51]	1
[49, 50, 52]	1
[49, 50, 53]	1
[49, 50, 54]	1
[49, 50, 55]	1
[49, 50, 56]	1
[49, 50, 57]	1
[49, 50, 58]	1
[49, 51, 52]	1
[49, 51, 53]	1
[49, 51, 54]	1
[49, 51, 55]	1
[49, 51, 56]	1
[49, 51, 57]	1
[49, 51, 58]	1
[49, 52, 53]	1
[49, 52, 54]	1
[49, 52, 55]	1
[49, 52, 56]	1
[49, 52, 57]	1
[49, 52, 58]	1
[49, 53, 54]	1
[49, 53, 55]	1
[49, 53, 56]	1
[49, 53, 57]	1
[49, 53, 58]	1
[49, 54, 55]	1
[49, 54, 56]	1
[49, 54, 57]	1
[49, 54, 58]	1
[49, 55, 56]	1
[49, 55, 57]	1
[49, 55, 58]	1
[49, 56, 57]	1
[49, 56, 58]	1
[49, 57, 58]	1
[50, 50, 51]	1
[50, 50, 52]	1
[50, 50, 53]	1
[50, 50, 54]	1
[50, 50, 55]	1
[50, 50, 56]	1
[50, 50, 57]	1
[50, 50, 58]	1
[50, 51, 51]	1
[50, 51, 52]	1
[50, 51, 53]	1
[50, 51, 54]	1
[50, 51, 55]	1
[50, 51, 56]	1
[50, 51, 57]	1
[50, 51, 58]	1
[50, 52, 52]	1
[50, 52, 53]	1
[50, 52, 54]	1
[50, 52, 55]	1
[50, 52, 56]	1
[50, 52, 57]	1
[50, 52, 58]	1
[50, 53, 53]	1
[50, 53, 54]	1
[50, 53, 55]	1
[50, 53, 56]	1
[50, 53, 57]	1
[50, 53, 58]	1
[50, 54, 54]	1
[50, 54, 55]	1
[50, 54, 56]	1
[50, 54, 57]	1
[50, 54, 58]	1
[50, 55, 55]	1
[50, 55, 56]	1
[50, 55, 57]	1
[50, 55, 58]	1
[50, 56, 56]	1
[50, 56, 57]	1
[50, 56, 58]	1
[50, 57, 57]	1
[50, 57, 58]	1
[50, 58, 58]	1
[51, 51, 52]	1
[51, 51, 53]	1
[51, 51, 54]	1
[51, 51, 55]	1
[51, 51, 56]	1
[51, 51, 57]	1
[51, 51, 58]	1
[51, 52, 52]	1
[51, 52, 53]	1
[51, 52, 54]	1
[51, 52, 55]	1
[51, 52, 56]	1
[51, 52, 57]	1
[51, 52, 58]	1
[51, 53, 53]	1
[51, 53, 54]	1
[51, 53, 55]	1
[51, 53, 56]	1
[51, 53, 57]	1
[51, 53, 58]	1
[51, 54, 54]	1
[51, 54, 55]	1
[51, 54, 56]	1
[51, 54, 57]	1
[51, 54, 58]	1
[51, 55, 55]	1
[51, 55, 56]	1
[51, 55, 57]	1
[51, 55, 58]	1
[51, 56, 56]	1
[51, 56, 57]	1
[51, 56, 58]	1
[51, 57, 57]	1
[51, 57, 58]	1
[51, 58, 58]	1
[52, 52, 53]	1
[52, 52, 54]	1
[52, 52, 55]	1
[52, 52, 56]	1
[52, 52, 57]	1
[52, 52, 58]	1
[52, 53, 53]	1
[52, 53, 54]	1
[52, 53, 55]	1
[52, 53, 56]	1
[52, 53, 57]	1
[52, 53, 58]	1
[52, 54, 54]	1
[52, 54, 55]	1
[52, 54, 56]	1
[52, 54, 57]	1
[52, 54, 58]	1
[52, 55, 55]	1
[52, 55, 56]	1
[52, 55, 57]	1
[52, 55, 58]	1
[52, 56, 56]	1
[52, 56, 57]	1
[52, 56, 58]	1
[52, 57, 57]	1
[52, 57, 58]	1
[52, 58, 58]	1
[53, 53, 54]	1
[53, 53, 55]	1
[53, 53, 56]	1
[53, 53, 57]	1
[53, 53, 58]	1
[53, 54, 54]	1
[53, 54, 55]	1
[53, 54, 56]	1
[53, 54, 57]	1
[53, 54, 58]	1
[53, 55, 55]	1
[53, 55, 56]	1
[53, 55, 57]	1
[53, 55, 58]	1
[53, 56, 56]	1
[53, 56, 57]	1
[53, 56, 58]	1
[53, 57, 57]	1
[53, 57, 58]	1
[53, 58, 58]	1
[54, 54, 55]	1
[54, 54, 56]	1
[54, 54, 57]	1
[54, 54, 58]	1
[54, 55, 55]	1
[54, 55, 56]	1
[54, 55, 57]	1
[54, 55, 58]	1
[54, 56, 56]	1
[54, 56, 57]	1
[54, 56, 58]	1
[54, 57, 57]	1
[54, 57, 58]	1
[54, 58, 58]	1
[55, 55, 56]	1
[55, 55, 57]	1
[55, 55, 58]	1
[55, 56, 56]	1
[55, 56, 57]	1
[55, 56, 58]	1
[55, 57, 57]	1
[55, 57, 58]	1
[55, 58, 58]	1
[56, 153, 154]	1
[56, 153, 155]	1
[56, 154, 154]	1
[56, 154, 155]	1
[56, 155, 155]	1
[56, 56, 57]	1
[56, 56, 58]	1
[56, 57, 57]	1
[56, 57, 58]	1
[56, 58, 58]	1
[57, 57, 58]	1
[57, 58, 58]	1
[59, 60, 61]	1
[59, 60, 62]	1
[59, 61, 62]	1
[60, 60, 61]	1
[60, 60, 62]	1
[60, 61, 61]	1
[60, 61, 62]	1
[60, 62, 62]	1
[61, 61, 62]	1
[61, 62, 62]	1
[63, 63, 64]	1
[63, 63, 65]	1
[63, 63, 66]	1
[63, 63, 68]	1
[63, 64, 64]	1
[63, 64, 65]	1
[63, 64, 66]	1
[63, 64, 67]	1
[63, 64, 68]	1
[63, 65, 65]	1
[63, 65, 66]	1
[63, 65, 67]	1
[63, 65, 68]	1
[63, 66, 67]	1
[63, 66, 68]	1
[63, 67, 68]	1
[63, 68, 68]	1
[64, 64, 65]	1
[64, 64, 66]	1
[64, 64, 68]	1
[64, 65, 65]	1
[64, 65, 66]	1
[64, 65, 67]	1
[64, 65, 68]	1
[64, 66, 67]	1
[64, 66, 68]	1
[64, 67, 68]	1
[64, 68, 68]	1
[65, 65, 66]	1
[65, 65, 68]	1
[65, 66, 67]	1
[65, 66, 68]	1
[65, 67, 68]	1
[65, 68, 68]	1
[66, 67, 68]	1
[66, 68, 68]	1
[70, 71, 71]	1
[70, 71, 72]	1
[70, 72, 72]	1
[71, 71, 72]	1
[71, 72, 72]	1
[73, 73, 74]	1
[73, 73, 75]	1
[73, 73, 76]	1
[73, 73, 77]	1
[73, 73, 78]	1
[73, 74, 74]	1
[73, 74, 75]	1
[73, 74, 76]	1
[73, 74, 77]	1
[73, 74, 78]	1
[73, 74, 79]	1
[73, 75, 75]	1
[73, 75, 76]	1
[73, 75, 77]	1
[73, 75, 78]	1
[73, 75, 79]	1
[73, 76, 76]	1
[73, 76, 77]	1
[73, 76, 78]	1
[73, 76, 79]	1
[73, 77, 77]	1
[73, 77, 78]	1
[73, 77, 79]	1
[73, 78, 79]	1
[74, 74, 75]	1
[74, 74, 76]	1
[74, 74, 77]	1
[74, 74, 78]	1
[74, 75, 75]	1
[74, 75, 76]	1
[74, 75, 77]	1
[74, 75, 78]	1
[74, 75, 79]	1
[74, 76, 76]	1
[74, 76, 77]	1
[74, 76, 78]	1
[74, 76, 79]	1
[74, 77, 77]	1
[74, 77, 78]	1
[74, 77, 79]	1
[74, 78, 79]	1
[75, 75, 76]	1
[75, 75, 77]	1
[75, 75, 78]	1
[75, 76, 76]	1
[75, 76, 77]	1
[75, 76, 78]	1
[75, 76, 79]	1
[75, 77, 77]	1
[75, 77, 78]	1
[75, 77, 79]	1
[75, 78, 79]	1
[76, 76, 77]	1
[76, 76, 78]	1
[76, 77, 77]	1
[76, 77, 78]	1
[76, 77, 79]	1
[76, 78, 79]	1
[77, 77, 78]	1
[77, 78, 79]	1
[79, 80, 81]	1
[80, 80, 81]	1
[80, 81, 81]	1
[82, 83, 84]	1
[83, 84, 84]	1
[85, 85, 86]	1
[85, 85, 87]	1
[85, 85, 88]	1
[85, 86, 87]	1
[85, 86, 88]	1
[85, 87, 87]	1
[85, 87, 88]	1
[85, 88, 88]	1
[86, 87, 87]	1
[86, 87, 88]	1
[86, 88, 88]	1
[87, 87, 88]	1
[87, 88, 88]	1
[89, 100, 100]	1
[89, 100, 101]	1
[89, 101, 101]	1
[89, 89, 100]	1
[89, 89, 101]	1
[89, 89, 90]	1
[89, 89, 91]	1
[89, 89, 92]	1
[89, 89, 93]	1
[89, 89, 94]	1
[89, 89, 95]	1
[89, 89, 96]	1
[89, 89, 97]	1
[89, 89, 99]	1
[89, 90, 100]	1
[89, 90, 101]	1
[89, 90, 90]	1
[89, 90, 91]	1
[89, 90, 92]	1
[89, 90, 93]	1
[89, 90, 94]	1
[89, 90, 95]	1
[89, 90, 96]	1
[89, 90, 97]	1
[89, 90, 98]	1
[89, 90, 99]	1
[89, 91, 100]	1
[89, 91, 101]	1
[89, 91, 91]	1
[89, 91, 92]	1
[89, 91, 93]	1
[89, 91, 94]	1
[89, 91, 95]	1
[89, 91, 96]	1
[89, 91, 97]	1
[89, 91, 98]	1
[89, 91, 99]	1
[89, 92, 100]	1
[89, 92, 101]	1
[89, 92, 92]	1
[89, 92, 93]	1
[89, 92, 94]	1
[89, 92, 95]	1
[89, 92, 96]	1
[89, 92, 97]	1
[89, 92, 98]	1
[89, 92, 99]	1
[89, 93, 100]	1
[89, 93, 101]	1
[89, 93, 93]	1
[89, 93, 94]	1
[89, 93, 95]	1
[89, 93, 96]	1
[89, 93, 97]	1
[89, 93, 98]	1
[89, 93, 99]	1
[89, 94, 100]	1
[89, 94, 101]	1
[89, 94, 94]	1
[89, 94, 95]	1
[89, 94, 96]	1
[89, 94, 97]	1
[89, 94, 98]	1
[89, 94, 99]	1
[89, 95, 100]	1
[89, 95, 101]	1
[89, 95, 95]	1
[89, 95, 96]	1
[89, 95, 97]	1
[89, 95, 98]	1
[89, 95, 99]	1
[89, 96, 100]	1
[89, 96, 101]	1
[89, 96, 96]	1
[89, 96, 97]	1
[89, 96, 98]	1
[89, 96, 99]	1
[89, 97, 100]	1
[89, 97, 101]	1
[89, 97, 98]	1
[89, 97, 99]	1
[89, 98, 100]	1
[89, 98, 101]	1
[89, 98, 99]	1
[89, 99, 100]	1
[89, 99, 101]	1
[89, 99, 99]	1
[90, 100, 100]	1
[90, 100, 101]	1
[90, 101, 101]	1
[90, 90, 100]	1
[90, 90, 101]	1
[90, 90, 91]	1
[90, 90, 92]	1
[90, 90, 93]	1
[90, 90, 94]	1
[90, 90, 95]	1
[90, 90, 96]	1
[90, 90, 97]	1
[90, 90, 99]	1
[90, 91, 100]	1
[90, 91, 101]	1
[90, 91, 91]	1
[90, 91, 92]	1
[90, 91, 93]	1
[90, 91, 94]	1
[90, 91, 95]	1
[90, 91, 96]	1
[90, 91, 97]	1
[90, 91, 98]	1
[90, 91, 99]	1
[90, 92, 100]	1
[90, 92, 101]	1
[90, 92, 92]	1
[90, 92, 93]	1
[90, 92, 94]	1
[90, 92, 95]	1
[90, 92, 96]	1
[90, 92, 97]	1
[90, 92, 98]	1
[90, 92, 99]	1
[90, 93, 100]	1
[90, 93, 101]	1
[90, 93, 93]	1
[90, 93, 94]	1
[90, 93, 95]	1
[90, 93, 96]	1
[90, 93, 97]	1
[90, 93, 98]	1
[90, 93, 99]	1
[90, 94, 100]	1
[90, 94, 101]	1
[90, 94, 94]	1
[90, 94, 95]	1
[90, 94, 96]	1
[90, 94, 97]	1
[90, 94, 98]	1
[90, 94, 99]	1
[90, 95, 100]	1
[90, 95, 101]	1
[90, 95, 95]	1
[90, 95, 96]	1
[90, 95, 97]	1
[90, 95, 98]	1
[90, 95, 99]	1
[90, 96, 100]	1
[90, 96, 101]	1
[90, 96, 96]	1
[90, 96, 97]	1
[90, 96, 98]	1
[90, 96, 99]	1
[90, 97, 100]	1
[90, 97, 101]	1
[90, 97, 98]	1
[90, 97, 99]	1
[90, 98, 100]	1
[90, 98, 101]	1
[90, 98, 99]	1
[90, 99, 100]	1
[90, 99, 101]	1
[90, 99, 99]	1
[91, 100, 100]	1
[91, 100, 101]	1
[91, 101, 101]	1
[91, 91, 100]	1
[91, 91, 101]	1
[91, 91, 92]	1
[91, 91, 93]	1
[91, 91, 94]	1
[91, 91, 95]	1
[91, 91, 96]	1
[91, 91, 97]	1
[91, 91, 99]	1
[91, 92, 100]	1
[91, 92, 101]	1
[91, 92, 92]	1
[91, 92, 93]	1
[91, 92, 94]	1
[91, 92, 95]	1
[91, 92, 96]	1
[91, 92, 97]	1
[91, 92, 98]	1
[91, 92, 99]	1
[91, 93, 100]	1
[91, 93, 101]	1
[91, 93, 93]	1
[91, 93, 94]	1
[91, 93, 95]	1
[91, 93, 96]	1
[91, 93, 97]	1
[91, 93, 98]	1
[91, 93, 99]	1
[91, 94, 100]	1
[91, 94, 101]	1
[91, 94, 94]	1
[91, 94, 95]	1
[91, 94, 96]	1
[91, 94, 97]	1
[91, 94, 98]	1
[91, 94, 99]	1
[91, 95, 100]	1
[91, 95, 101]	1
[91, 95, 95]	1
[91, 95, 96]	1
[91, 95, 97]	1
[91, 95, 98]	1
[91, 95, 99]	1
[91, 96, 100]	1
[91, 96, 101]	1
[91, 96, 96]	1
[91, 96, 97]	1
[91, 96, 98]	1
[91, 96, 99]	1
[91, 97, 100]	1
[91, 97, 101]	1
[91, 97, 98]	1
[91, 97, 99]	1
[91, 98, 100]	1
[91, 98, 101]	1
[91, 98, 99]	1
[91, 99, 100]	1
[91, 99, 101]	1
[91, 99, 99]	1
[92, 100, 100]	1
[92, 100, 101]	1
[92, 101, 101]	1
[92, 92, 100]	1
[92, 92, 101]	1
[92, 92, 93]	1
[92, 92, 94]	1
[92, 92, 95]	1
[92, 92, 96]	1
[92, 92, 97]	1
[92, 92, 99]	1
[92, 93, 100]	1
[92, 93, 101]	1
[92, 93, 93]	1
[92, 93, 94]	1
[92, 93, 95]	1
[92, 93, 96]	1
[92, 93, 97]	1
[92, 93, 98]	1
[92, 93, 99]	1
[92, 94, 100]	1
[92, 94, 101]	1
[92, 94, 94]	1
[92, 94, 95]	1
[92, 94, 96]	1
[92, 94, 97]	1
[92, 94, 98]	1
[92, 94, 99]	1
[92, 95, 100]	1
[92, 95, 101]	1
[92, 95, 95]	1
[92, 95, 96]	1
[92, 95, 97]	1
[92, 95, 98]	1
[92, 95, 99]	1
[92, 96, 100]	1
[92, 96, 101]	1
[92, 96, 96]	1
[92, 96, 97]	1
[92, 96, 98]	1
[92, 96, 99]	1
[92, 97, 100]	1
[92, 97, 101]	1
[92, 97, 98]	1
[92, 97, 99]	1
[92, 98, 100]	1
[92, 98, 101]	1
[92, 98, 99]	1
[92, 99, 100]	1
[92, 99, 101]	1
[92, 99, 99]	1
[93, 100, 100]	1
[93, 100, 101]	1
[93, 101, 101]	1
[93, 93, 100]	1
[93, 93, 101]	1
[93, 93, 94]	1
[93, 93, 95]	1
[93, 93, 96]	1
[93, 93, 97]	1
[93, 93, 99]	1
[93, 94, 100]	1
[93, 94, 101]	1
[93, 94, 94]	1
[93, 94, 95]	1
[93, 94, 96]	1
[93, 94, 97]	1
[93, 94, 98]	1
[93, 94, 99]	1
[93, 95, 100]	1
[93, 95, 101]	1
[93, 95, 95]	1
[93, 95, 96]	1
[93, 95, 97]	1
[93, 95, 98]	1
[93, 95, 99]	1
[93, 96, 100]	1
[93, 96, 101]	1
[93, 96, 96]	1
[93, 96, 97]	1
[93, 96, 98]	1
[93, 96, 99]	1
[93, 97, 100]	1
[93, 97, 101]	1
[93, 97, 98]	1
[93, 97, 99]	1
[93, 98, 100]	1
[93, 98, 101]	1
[93, 98, 99]	1
[93, 99, 100]	1
[93, 99, 101]	1
[93, 99, 99]	1
[94, 100, 100]	1
[94, 100, 101]	1
[94, 101, 101]	1
[94, 94, 100]	1
[94, 94, 101]	1
[94, 94, 95]	1
[94, 94, 96]	1
[94, 94, 97]	1
[94, 94, 99]	1
[94, 95, 100]	1
[94, 95, 101]	1
[94, 95, 95]	1
[94, 95, 96]	1
[94, 95, 97]	1
[94, 95, 98]	1
[94, 95, 99]	1
[94, 96, 100]	1
[94, 96, 101]	1
[94, 96, 96]	1
[94, 96, 97]	1
[94, 96, 98]	1
[94, 96, 99]	1
[94, 97, 100]	1
[94, 97, 101]	1
[94, 97, 98]	1
[94, 97, 99]	1
[94, 98, 100]	1
[94, 98, 101]	1
[94, 98, 99]	1
[94, 99, 100]	1
[94, 99, 101]	1
[94, 99, 99]	1
[95, 100, 100]	1
[95, 100, 101]	1
[95, 101, 101]	1
[95, 95, 100]	1
[95, 95, 101]	1
[95, 95, 96]	1
[95, 95, 97]	1
[95, 95, 99]	1
[95, 96, 100]	1
[95, 96, 101]	1
[95, 96, 96]	1
[95, 96, 97]	1
[95, 96, 98]	1
[95, 96, 99]	1
[95, 97, 100]	1
[95, 97, 101]	1
[95, 97, 98]	1
[95, 97, 99]	1
[95, 98, 100]	1
[95, 98, 101]	1
[95, 98, 99]	1
[95, 99, 100]	1
[95, 99, 101]	1
[95, 99, 99]	1
[96, 100, 100]	1
[96, 100, 101]	1
[96, 101, 101]	1
[96, 96, 100]	1
[96, 96, 101]	1
[96, 96, 97]	1
[96, 96, 99]	1
[96, 97, 100]	1
[96, 97, 101]	1
[96, 97, 98]	1
[96, 97, 99]	1
[96, 98, 100]	1
[96, 98, 101]	1
[96, 98, 99]	1
[96, 99, 100]	1
[96, 99, 101]	1
[96, 99, 99]	1
[97, 100, 100]	1
[97, 100, 101]	1
[97, 101, 101]	1
[97, 98, 100]	1
[97, 98, 101]	1
[97, 98, 99]	1
[97, 99, 100]	1
[97, 99, 101]	1
[97, 99, 99]	1
[98, 100, 101]	1
[98, 99, 100]	1
[98, 99, 101]	1
[99, 100, 100]	1
[99, 100, 101]	1
[99, 101, 101]	1
[99, 99, 100]	1
[99, 99, 101]	1
