32 -> 41,60   	0.045454547
32 -> 41,61   	0.045454547
32 -> 60,61   	0.045454547
38 -> 39,47   	0.09090909
38 -> 39,48   	0.09090909
38 -> 39,49   	0.09090909
38 -> 47,48   	0.09090909
38 -> 48,49   	0.09090909
39 -> 47,48   	0.09090909
39 -> 48,49   	0.09090909
41 -> 60,61   	0.09090909
48 -> 692,715   	0.045454547
48 -> 692,768   	0.045454547
48 -> 715,768   	0.045454547
48 -> 89,692   	0.045454547
48 -> 89,715   	0.045454547
48 -> 89,768   	0.045454547
692 -> 715,768   	0.045454547
89 -> 692,715   	0.045454547
89 -> 692,768   	0.045454547
89 -> 715,768   	0.045454547
